Date,GDP,Open,High,Low,Close,Adj Close,Volume,Interest_Rate,CPI,Inflation_Rate,Forecast,Previous,Return,Predicted_Return
1973-07-01,1433.838,0.0,105.300003,103.68,104.260002,104.260002,10770000,10.56,44.2,5.741626794258387,106.90749925,111.519997,0.03788602459455159,1
1973-10-01,1476.289,0.0,108.980003,107.080002,108.209999,108.209999,15830000,9.997,45.6,8.056872037914689,107.46749962499999,104.260002,-0.09851211624167922,1
1974-01-01,1491.209,0.0,98.300003,95.949997,97.550003,97.550003,23470000,9.323,46.8,9.60187353629975,108.6274995,108.209999,-0.04407998839323468,1
1974-04-01,1530.056,0.0,94.68,92.82,93.25,93.25,11470000,11.25,48.1,10.06864988558352,108.06000037499999,97.550003,-0.07753354423592485,1
1974-07-01,1560.026,0.0,86.889999,85.32,86.019997,86.019997,10270000,12.09,49.3,11.538461538461526,106.31625075,93.25,-0.26307833979580353,1
1974-10-01,1599.679,0.0,64.370003,61.75,63.389999,63.389999,16890000,9.347,51.0,11.842105263157892,103.6762505,86.019997,0.08155859096953111,1
1975-01-01,1616.116,0.0,69.040001,67.150002,68.559998,68.559998,20970000,6.303,52.3,11.752136752136753,97.78125,63.389999,0.20536758183686077,1
1975-04-01,1651.853,0.0,83.589996,81.980003,82.639999,82.639999,14480000,5.42,53.0,10.187110187110184,91.59499937499999,68.559998,0.1477492636465303,1
1975-07-01,1709.82,0.0,95.730003,94.129997,94.849998,94.849998,20390000,6.16,54.0,9.533468559837734,87.984999625,82.639999,-0.12567209542798297,1
1975-10-01,1761.831,0.0,85.449997,82.57,82.93,82.93,14070000,5.413,54.9,7.6470588235294095,86.80874912499999,94.849998,0.08754373568069451,1
1976-01-01,1820.487,0.0,90.75,89.169998,90.190002,90.190002,16970000,4.827,55.8,6.692160611854685,83.64874925000001,82.93,0.13360678271190185,1
1976-04-01,1852.332,0.0,103.239998,101.5,102.239998,102.239998,17910000,5.197,56.1,5.849056603773588,82.72874912500001,90.190002,0.013204206048595513,1
1976-07-01,1886.558,0.0,104.980003,103.139999,103.589996,103.589996,21130000,5.283,57.0,5.555555555555555,83.85249887500001,102.239998,0.005599015565171062,1
1976-10-01,1934.273,0.0,105.75,103.599998,104.169998,104.169998,20620000,4.873,57.9,5.46448087431694,86.04874875,103.589996,0.031582999550407775,1
1977-01-01,1988.648,0.0,107.82,106.550003,107.459999,107.459999,19170000,4.66,58.7,5.197132616487465,91.146248625,104.169998,-0.07677275336658063,1
1977-04-01,2055.909,0.0,99.57,98.379997,99.209999,99.209999,17050000,5.157,60.0,6.951871657754008,96.00874875,107.459999,0.008970859882782678,1
1977-07-01,2118.473,0.0,100.760002,99.629997,100.099998,100.099998,18160000,5.82,60.8,6.666666666666661,98.07999875,99.209999,-0.035664326386899536,1
1977-10-01,2164.27,0.0,96.849998,95.660004,96.529999,96.529999,21170000,6.513,61.6,6.390328151986188,98.73624875,100.099998,-0.01481405795932933,1
1978-01-01,2202.76,0.0,95.669998,94.440002,95.099998,95.099998,23560000,6.757,62.7,6.814310051107325,100.43624862499999,96.529999,-0.06193479625520082,1
1978-04-01,2331.633,0.0,89.639999,88.68,89.209999,89.209999,20130000,7.283,63.9,6.499999999999997,101.049998125,95.099998,0.0708440765703855,1
1978-07-01,2395.053,0.0,95.959999,94.870003,95.529999,95.529999,18100000,8.1,65.5,7.730263157894742,99.42124824999999,89.209999,0.07338011172804482,1
1978-10-01,2476.949,0.0,103.080002,101.650002,102.540001,102.540001,23610000,9.583,67.1,8.928571428571416,98.41374862500001,95.529999,-0.06270723558896796,1
1979-01-01,2526.61,0.0,97.029999,95.480003,96.110001,96.110001,30030000,10.073,68.5,9.25039872408293,98.209999,102.540001,0.057017947591115004,1
1979-04-01,2591.247,0.0,102.510002,101.029999,101.589996,101.589996,29970000,10.18,70.6,10.48513302034428,96.79124924999999,96.110001,0.012993484122196364,1
1979-07-01,2667.565,0.0,103.669998,102.040001,102.910004,102.910004,34690000,10.947,73.0,11.450381679389313,97.088748875,101.589996,0.05490228141473974,1
1979-10-01,2723.883,0.0,109.190002,107.699997,108.559998,108.559998,24980000,13.577,75.2,12.071535022354709,97.439999625,102.910004,-0.005711090746335357,1
1980-01-01,2789.842,0.0,108.529999,107.260002,107.940002,107.940002,31530000,15.047,78.0,13.86861313868613,98.9437495,108.559998,-0.05336299697307767,0
1980-04-01,2797.352,0.0,103.279999,100.849998,102.18,102.18,32230000,12.687,80.9,14.58923512747877,100.54875,107.940002,0.1247798003523195,1
1980-07-01,2856.483,0.0,115.449997,113.540001,114.93,114.93,34340000,9.837,82.6,13.150684931506843,102.170000125,102.18,0.10615154441834163,1
1980-10-01,2985.557,0.0,127.879997,124.660004,127.129997,127.129997,48720000,15.853,84.7,12.632978723404257,104.59500025,114.93,0.06788325496460135,0
1981-01-01,3124.206,0.0,136.759995,134.289993,135.759995,135.759995,41210000,16.57,87.2,11.7948717948718,107.66874974999999,127.129997,0.005966499925106783,0
1981-04-01,3162.532,0.0,137.559998,135.039993,136.570007,136.570007,54880000,17.78,89.1,10.13597033374535,112.624999,135.759995,-0.04979133522340673,0
1981-07-01,3260.609,0.0,131.690002,129.039993,129.770004,129.770004,49080000,17.577,91.5,10.774818401937052,116.997500375,136.570007,-0.09778840725010696,0
1981-10-01,3280.818,0.0,117.660004,115.0,117.080002,117.080002,41600000,13.587,93.4,10.271546635183002,120.355000375,129.770004,0.04672019906525127,1
1982-01-01,3274.302,0.0,123.419998,121.57,122.550003,122.550003,40780000,14.227,94.4,8.256880733944957,121.420000875,117.080002,-0.07148104272180233,0
1982-04-01,3331.972,0.0,114.220001,111.480003,113.790001,113.790001,57100000,14.513,95.0,6.621773288439963,123.246251,122.550003,-0.04464365898019462,0
1982-07-01,3366.322,109.519997,109.629997,108.620003,108.709999,108.709999,47900000,11.007,97.5,6.557377049180328,124.697501125,113.790001,0.12197591870090996,1
1982-10-01,3402.561,120.400002,121.970001,120.150002,121.970001,121.970001,65000000,9.287,98.1,5.032119914346882,123.920001,108.709999,0.1530704095017592,1
1983-01-01,3473.413,140.339996,140.779999,140.270004,140.639999,140.639999,42110000,8.653,97.9,3.7076271186440675,123.2750015,121.970001,0.08759960244311427,1
1983-04-01,3578.848,153.410004,155.020004,152.860001,152.960007,152.960007,100570000,8.803,98.8,3.9999999999999973,123.885002,140.639999,0.10251040325854577,1
1983-07-01,3689.179,168.110001,168.639999,167.770004,168.639999,168.639999,65110000,9.46,99.8,2.358974358974356,125.933752,152.960007,-0.01523951621939934,1
1983-10-01,3794.706,167.229996,167.229996,165.630005,166.070007,166.070007,70860000,9.43,100.8,2.7522935779816544,130.792501375,168.639999,-0.006864659191590294,1
1984-01-01,3908.054,164.860001,165.050003,164.580002,164.929993,164.929993,71840000,9.687,102.1,4.290091930541357,136.91625200000001,166.070007,-0.03486327680860324,1
1984-04-01,4009.601,159.520004,159.520004,158.919998,159.179993,159.179993,71590000,10.557,103.3,4.554655870445344,142.21375075,164.929993,-0.037693179192437865,1
1984-07-01,4084.25,152.839996,154.080002,152.820007,153.179993,153.179993,90770000,11.39,104.1,4.308617234468935,147.88749975,159.179993,0.0746833955006121,1
1984-10-01,4148.551,166.100006,166.100006,164.479996,164.619995,164.619995,73630000,9.267,105.1,4.265873015873013,153.446249,153.179993,0.015915502852493768,1
1985-01-01,4230.168,166.259995,167.339996,166.059998,167.240005,167.240005,80260000,8.477,105.7,3.5259549461312525,158.77749825,164.619995,0.08389140504988624,1
1985-04-01,4294.887,180.660004,181.270004,180.429993,181.270004,181.270004,89900000,7.923,107.0,3.5818005808325295,162.10249900000002,167.240005,0.06156555830384369,1
1985-07-01,4386.773,191.850006,192.429993,191.169998,192.429993,192.429993,96080000,7.9,107.7,3.4582132564841586,165.641248625,181.270004,-0.03824760311663056,1
1985-10-01,4444.094,182.059998,185.080002,182.020004,185.070007,185.070007,130200000,8.103,108.5,3.2350142721217945,168.614997875,192.429993,0.14162204035578818,1
1986-01-01,4507.894,210.679993,211.610001,210.679993,211.279999,211.279999,112700000,7.827,109.9,3.9735099337748365,170.98999787499997,185.070007,0.11293070859963406,1
1986-04-01,4545.34,238.899994,239.100006,234.570007,235.139999,235.139999,167400000,6.92,108.7,1.5887850467289748,176.78374862500002,211.279999,0.07187205099886063,1
1986-07-01,4607.669,250.669998,252.039993,250.529999,252.039993,252.039993,147700000,6.207,109.5,1.6713091922005545,186.278749375,235.139999,-0.07316294045445404,1
1986-10-01,4657.627,231.320007,234.619995,231.320007,233.600006,233.600006,143600000,6.267,110.2,1.5668202764976984,198.636249375,252.039993,0.03668660864674811,1
1987-01-01,4722.156,243.369995,244.029999,241.279999,242.169998,242.169998,139200000,6.22,111.4,1.364877161055505,207.25875075,233.600006,0.20733372182626852,1
1987-04-01,4806.16,291.589996,292.380005,288.339996,292.380005,292.380005,182600000,6.65,112.7,3.6798528058877644,216.62499987500001,242.169998,0.03611737061157805,1
1987-07-01,4884.555,303.98999,304.0,302.529999,302.940002,302.940002,157000000,6.843,113.8,3.9269406392694037,230.51375,292.380005,0.08051094222941213,1
1987-10-01,5007.994,321.829987,327.339996,321.829987,327.329987,327.329987,193200000,6.917,115.0,4.355716878402901,244.327501125,302.940002,-0.24516539329468767,1
1988-01-01,5073.372,247.839996,247.860001,245.220001,247.080002,247.080002,170140000,6.663,116.0,4.129263913824052,262.109998625,327.329987,0.04779833618424534,1
1988-04-01,5190.036,258.029999,259.029999,256.160004,258.890015,258.890015,139870000,7.157,117.2,3.9929015084294583,266.584999,247.080002,0.04978942119494256,1
1988-07-01,5282.835,273.5,273.799988,270.779999,271.779999,271.779999,238330000,7.983,118.5,4.1300527240773315,269.553751,258.890015,0.00047834645845301615,1
1988-10-01,5399.509,272.549988,274.869995,271.660004,271.910004,271.910004,175750000,8.47,119.9,4.260869565217396,272.02125175000003,271.779999,0.021367352853997934,1
1989-01-01,5511.253,279.390015,279.779999,277.720001,277.720001,277.720001,127210000,9.443,121.2,4.4827586206896575,276.8100015,271.910004,0.061752822764824966,1
1989-04-01,5612.463,292.519989,294.959991,292.519989,294.869995,294.869995,170960000,9.727,123.1,5.034129692832757,281.25375187500003,277.720001,0.07837357612462381,1
1989-07-01,5695.365,319.670013,319.970001,314.380005,317.980011,317.980011,170490000,9.083,124.5,5.063291139240507,281.565000625,294.869995,0.09802497616744854,1
1989-10-01,5747.237,348.600006,350.309998,348.119995,349.149994,349.149994,155300000,8.613,125.4,4.587155963302751,283.44500175,317.980011,0.012172418940382457,1
1990-01-01,5872.701,350.679993,353.410004,350.670013,353.399994,353.399994,145940000,8.25,127.5,5.1980198019801955,286.172502625,349.149994,-0.03808713137669151,1
1990-04-01,5960.028,340.790009,341.410004,338.209991,339.940002,339.940002,139340000,8.243,128.9,4.71161657189278,299.46250162499996,353.399994,0.05318581777263165,1
1990-07-01,6015.116,357.640015,359.089996,357.299988,358.019989,358.019989,145510000,8.16,130.5,4.819277108433735,309.59375,339.940002,-0.12032844065586523,1
1990-10-01,6004.733,306.100006,314.940002,306.100006,314.940002,314.940002,202210000,7.743,133.4,6.379585326953747,320.37374875,358.019989,0.04851717439183867,1
1991-01-01,6035.178,328.709991,330.230011,327.5,330.220001,330.220001,114130000,6.427,134.7,5.647058823529403,325.7524985,314.940002,0.12440187413117942,1
1991-04-01,6126.862,375.220001,375.220001,370.269989,371.299988,371.299988,144010000,5.863,135.1,4.809930178432885,332.3149985,330.220001,0.017829316493271685,1
1991-07-01,6205.937,371.179993,377.920013,371.179993,377.920013,377.920013,167480000,5.643,136.2,4.3678160919540145,341.86874762499997,371.299988,0.02984758311807112,1
1991-10-01,6264.54,387.859985,389.559998,387.859985,389.200012,389.200012,163570000,4.817,137.2,2.8485757121439153,349.361247875,377.920013,0.07165977168572124,1
1992-01-01,6363.102,415.140015,418.320007,412.730011,417.089996,417.089996,247080000,4.023,138.3,2.6726057906458967,354.367500125,389.200012,-0.030832638335444473,1
1992-04-01,6470.763,403.670013,404.5,400.75,404.230011,404.230011,186530000,3.77,139.4,3.1828275351591504,362.32875037499997,417.089996,0.021398693230622046,1
1992-07-01,6566.641,408.200012,412.880005,408.200012,412.880005,412.880005,214250000,3.257,140.5,3.1571218795888485,370.3650015,404.230011,0.008259067910057816,1
1992-10-01,6680.803,417.799988,418.670013,415.459991,416.290009,416.290009,204780000,3.037,141.7,3.279883381924199,377.2225035,412.880005,0.046650127507624095,1
1993-01-01,6729.459,438.820007,439.589996,435.709991,435.709991,435.709991,165910000,3.04,142.8,3.2537960954446854,389.891254375,416.290009,0.03348556907431566,1
1993-04-01,6808.939,451.670013,452.630005,449.600006,450.299988,450.299988,234530000,3.0,143.8,3.1563845050215247,403.077503125,435.709991,-0.002842547266512452,1
1993-07-01,6882.098,450.540009,451.149994,448.709991,449.019989,449.019989,292040000,3.06,144.5,2.8469750889679712,412.952503125,450.299988,0.02730392922440683,1
1993-10-01,7013.738,458.929993,461.480011,458.350006,461.279999,461.279999,256880000,2.99,145.6,2.7522935779816557,421.840000125,449.019989,0.011207971321557375,1
1994-01-01,7115.652,468.660004,470.75,466.450012,466.450012,466.450012,168590000,3.213,146.3,2.450980392156863,430.84999849999997,461.279999,-0.044334917928997686,1
1994-04-01,7246.931,445.549988,447.160004,436.160004,445.769989,445.769989,403580000,3.94,147.2,2.364394993045881,437.02000050000004,466.450012,0.0009646746317863997,1
1994-07-01,7331.075,444.269989,446.450012,443.579987,446.200012,446.200012,199030000,4.487,148.4,2.698961937716267,442.21249775,445.769989,0.0370012966292792,1
1994-10-01,7455.288,462.269989,465.299988,461.910004,462.709991,462.709991,291900000,5.167,149.4,2.609890109890118,446.37749862500004,446.200012,-0.0074344666571074525,1
1995-01-01,7522.289,461.170013,462.119995,459.23999,459.269989,459.269989,256260000,5.81,150.5,2.8708133971291785,452.179996375,462.709991,0.0902301543591606,1
1995-04-01,7580.997,501.940002,502.220001,495.700012,500.709991,500.709991,353060000,6.02,151.8,3.125000000000016,455.12499612500005,459.269989,0.08795512330809463,1
1995-07-01,7683.125,543.869995,546.820007,543.51001,544.75,544.75,311650000,5.797,152.6,2.8301886792452753,461.4262465,500.709991,0.07280398898577345,1
1995-10-01,7772.586,585.869995,587.609985,584.0,584.409973,584.409973,335250000,5.72,153.5,2.7443105756358728,473.392497875,544.75,0.05393477431296323,1
1996-01-01,7868.468,614.119995,615.929993,612.359985,615.929993,615.929993,321250000,5.363,154.7,2.790697674418597,488.783744625,584.409973,0.06137058988780231,1
1996-04-01,8032.84,645.5,653.869995,645.5,653.72998,653.72998,392120000,5.243,156.1,2.832674571804995,507.46874225000005,615.929993,0.03388252899155697,1
1996-07-01,8131.408,670.630005,675.880005,670.630005,675.880005,675.880005,345750000,5.307,157.0,2.8833551769331627,533.463741125,653.72998,0.019530111709696207,1
1996-10-01,8259.771,687.309998,689.539978,684.440002,689.080017,689.080017,421550000,5.28,158.2,3.0618892508143247,562.17374025,675.880005,0.07496948355128397,1
1997-01-01,8362.655,753.849976,753.950012,740.73999,740.73999,740.73999,399760000,5.277,159.4,3.0381383322559907,590.4699935,689.080017,0.025515059609512836,1
1997-04-01,8518.825,757.119995,761.48999,751.26001,759.640015,759.640015,515770000,5.523,159.9,2.434336963484953,625.6537436250001,740.73999,0.17296352404500448,1
1997-07-01,8662.823,885.140015,893.880005,884.539978,891.030029,891.030029,544190000,5.533,160.4,2.165605095541405,658.019996625,759.640015,0.07225339427926292,1
1997-10-01,8765.907,947.280029,956.710022,947.280029,955.409973,955.409973,598660000,5.507,161.5,2.085967130214925,701.3050002499999,891.030029,0.015721020739229763,1
1998-01-01,8866.48,970.840027,975.02002,967.409973,970.429993,970.429993,467280000,5.52,162.0,1.6311166875784155,747.68000025,955.409973,0.1419165029867333,1
1998-04-01,8969.699,1101.75,1109.189941,1095.290039,1108.150024,1108.150024,677310000,5.5,162.2,1.4383989993745985,791.99250025,970.429993,0.036466213170428974,1
1998-07-01,9121.097,1133.839966,1148.560059,1133.839966,1148.560059,1148.560059,701600000,5.533,163.2,1.7456359102244283,848.7950057500001,1108.150024,-0.14119422204285437,1
1998-10-01,9293.991,1017.01001,1017.01001,981.289978,986.390015,986.390015,899700000,4.86,163.9,1.486068111455112,907.8800124999999,1148.560059,0.24619061558525623,1
1999-01-01,9411.682,1231.930054,1237.180054,1224.959961,1229.22998,1229.22998,719200000,4.733,164.7,1.6666666666666596,945.0437622500001,986.390015,0.05246373099360935,1
1999-04-01,9526.21,1286.369995,1294.540039,1282.560059,1293.719971,1293.719971,703000000,4.747,165.9,2.2811344019728836,1006.105011,1229.22998,0.06743344151406006,1
1999-07-01,9686.626,1372.709961,1382.800049,1360.800049,1380.959961,1380.959961,843400000,5.093,166.7,2.144607843137255,1072.8650055,1293.719971,-0.07107367684210508,1
1999-10-01,9900.169,1282.709961,1283.170044,1265.780029,1282.810059,1282.810059,896200000,5.307,168.1,2.5625381330079247,1134.106247,1380.959961,0.14533713677404214,1
2000-01-01,10002.179,1464.469971,1472.420044,1458.189941,1469.25,1469.25,374050000,5.677,169.3,2.792956891317561,1175.0312577500001,1282.810059,0.019962535987748886,1
2000-04-01,10247.72,1487.920044,1519.810059,1484.380005,1498.579956,1498.579956,1227400000,6.273,170.9,3.013863773357444,1237.3837586250002,1469.25,-0.02934777008321343,1
2000-07-01,10318.165,1442.390015,1454.680054,1438.709961,1454.599976,1454.599976,1459700000,6.52,172.7,3.5992801439712063,1286.187500125,1498.579956,-0.012436385465745436,1
2000-10-01,10435.744,1458.290039,1458.290039,1436.290039,1436.51001,1436.51001,1197100000,6.473,173.9,3.4503271861986984,1324.44248975,1454.599976,-0.08091136169667201,1
2001-01-01,10470.231,1334.219971,1340.099976,1317.51001,1320.280029,1320.280029,1035500000,5.593,175.6,3.7212049616066047,1380.707489125,1436.51001,-0.12114859687845814,1
2001-04-01,10599.0,1147.949951,1162.800049,1143.829956,1160.329956,1160.329956,1280800000,4.327,176.4,3.218256290228204,1392.08874525,1320.280029,0.055199858168619054,1
2001-07-01,10598.02,1226.199951,1237.290039,1221.140015,1224.380005,1224.380005,1832360000,3.497,177.4,2.7214823393167444,1375.414993375,1160.329956,-0.15177473924853913,1
2001-10-01,10660.465,1040.939941,1040.939941,1026.76001,1038.550049,1038.550049,1175600000,2.133,177.6,2.1276595744680784,1355.842498875,1224.380005,0.10546425480935118,1
2002-01-01,10783.5,1161.02002,1161.160034,1148.040039,1148.079956,1148.079956,943600000,1.733,177.7,1.195899772209564,1325.309997625,1038.550049,-0.0013412976961685308,1
2002-04-01,10887.46,1147.390015,1147.839966,1132.869995,1146.540039,1146.540039,1050900000,1.75,179.3,1.6439909297052187,1285.163742125,1148.079956,-0.15515377479111303,1
2002-07-01,10984.04,989.820007,994.460022,967.429993,968.650024,968.650024,1425500000,1.74,180.0,1.4656144306651604,1241.1587525,1146.540039,-0.1246477551318369,1
2002-10-01,11061.433,815.280029,847.929993,812.820007,847.909973,847.909973,1780900000,1.443,181.2,2.027027027027024,1180.4150085,968.650024,0.037633752421968536,1
2003-01-01,11174.129,879.390015,881.929993,869.450012,879.820007,879.820007,1088500000,1.25,182.6,2.7574563871693902,1106.840003875,847.909973,-0.0242549917371907,1
2003-04-01,11312.766,848.179993,861.280029,847.849976,858.47998,858.47998,1461600000,1.247,183.2,2.1751254880089106,1051.782501125,879.820007,0.14425499707052003,1
2003-07-01,11566.669,974.5,983.26001,962.099976,982.320007,982.320007,1460200000,1.017,183.7,2.055555555555549,1014.0512541249999,858.47998,0.036546098770438684,1
2003-10-01,11772.234,995.969971,1018.219971,995.969971,1018.219971,1018.219971,1566300000,0.997,184.9,2.0419426048565215,983.7937543749999,982.320007,0.09202340915389495,1
2004-01-01,11923.447,1109.640015,1112.560059,1106.209961,1111.920044,1111.920044,1027500000,1.003,186.3,2.0262869660460114,981.252494625,1018.219971,0.01821174113127144,1
2004-04-01,12112.815,1126.209961,1135.670044,1126.199951,1132.170044,1132.170044,1560700000,1.01,187.4,2.2925764192139835,976.7325056249999,1111.920044,-0.0028530193119999936,1
2004-07-01,12305.307,1140.839966,1140.839966,1123.060059,1128.939941,1128.939941,1495700000,1.433,189.1,2.9395753946652183,974.9362562499999,1132.170044,0.002267666247800726,1
2004-10-01,12527.214,1114.579956,1131.640015,1114.579956,1131.5,1131.5,1582200000,1.95,190.8,3.190914007571663,994.972495875,1128.939941,0.07107383473265583,1
2005-01-01,12767.286,1213.550049,1217.329956,1211.650024,1211.920044,1211.920044,786900000,2.47,191.6,2.844873859366604,1030.42124925,1131.5,-0.032180340768421134,1
2005-04-01,12922.656,1180.589966,1189.800049,1169.910034,1172.920044,1172.920044,2168690000,2.943,193.7,3.361792956243321,1071.9337538749999,1211.920044,0.018347283866520847,1
2005-07-01,13142.642,1191.329956,1197.890015,1191.329956,1194.439941,1194.439941,1593820000,3.46,194.9,3.067160232681127,1111.238761875,1172.920044,0.028775091003089504,1
2005-10-01,13324.204,1227.680054,1229.569946,1225.219971,1228.810059,1228.810059,2097520000,3.98,199.1,4.350104821802925,1137.753753625,1194.439941,0.015852718536380372,1
2006-01-01,13599.16,1254.420044,1254.420044,1246.589966,1248.290039,1248.290039,1443500000,4.457,199.3,4.018789144050113,1164.0775146249998,1228.810059,0.03731501057023179,1
2006-04-01,13753.424,1300.25,1303.0,1294.869995,1294.869995,1294.869995,2236710000,4.907,200.7,3.6138358286009296,1181.123764,1248.290039,-0.019052139670592938,1
2006-07-01,13870.188,1272.859985,1276.300049,1270.199951,1270.199951,1270.199951,3049560000,5.247,202.9,4.104669061056952,1201.461257875,1294.869995,0.05168479572709406,1
2006-10-01,14039.56,1339.150024,1339.880005,1335.640015,1335.849976,1335.849976,2273430000,5.247,201.9,1.4063284781516883,1219.118759125,1270.199951,0.06172105736520228,1
2007-01-01,14215.651,1424.709961,1427.0,1416.839966,1418.300049,1418.300049,1678200000,5.257,203.437,2.075765178123432,1244.6625061250002,1335.849976,0.001804932603510112,1
2007-04-01,14402.082,1422.52002,1429.219971,1408.900024,1420.859985,1420.859985,2903960000,5.25,205.904,2.5929247633283548,1270.46000675,1418.300049,0.058056382663207895,1
2007-07-01,14564.117,1505.699951,1517.530029,1493.609985,1503.349976,1503.349976,3165410000,5.073,207.603,2.317890586495812,1301.4524993750001,1420.859985,0.029061804435083882,1
2007-10-01,14715.058,1527.290039,1549.02002,1527.25,1547.040039,1547.040039,3281990000,4.497,209.19,3.610698365527485,1340.06625375,1503.349976,-0.050858447109654925,1
2008-01-01,14706.538,1475.25,1475.829956,1465.130005,1468.359985,1468.359985,2440880000,3.177,212.174,4.29469565516597,1379.84500125,1547.040039,-0.06686366558810852,1
2008-04-01,14865.701,1326.410034,1370.180054,1326.410034,1370.180054,1370.180054,4745120000,2.087,213.942,3.903760975988816,1407.3537445000002,1468.359985,-0.062232711497345994,1
2008-07-01,14898.999,1276.689941,1285.310059,1260.680054,1284.910034,1284.910034,5846290000,1.94,219.016,5.497512078341826,1416.767501875,1370.180054,-0.09638805186573873,1
2008-10-01,14608.209,1164.170044,1167.030029,1140.77002,1161.060059,1161.060059,5782130000,0.507,216.995,3.7310578899565026,1418.6062622499999,1284.910034,-0.22204713442821133,1
2009-01-01,14430.902,890.590027,910.320007,889.669983,903.25,903.25,4172940000,0.183,211.933,-0.11358601902212988,1396.7575226249999,1161.060059,-0.10204260503736506,1
2009-04-01,14381.236,793.590027,813.619995,783.320007,811.080017,811.080017,6034140000,0.18,212.709,-0.5763244243767021,1332.3762665,903.25,0.13839571638712922,1
2009-07-01,14448.882,920.820007,931.919983,920.820007,923.330017,923.330017,3919400000,0.157,214.726,-1.9587610037622785,1256.1537705,811.080017,0.1153649908903589,1
2009-10-01,14651.249,1054.910034,1054.910034,1029.449951,1029.849976,1029.849976,5791450000,0.12,216.509,-0.22396829420033565,1183.651275625,923.330017,0.08277904742117514,1
2010-01-01,14764.61,1126.599976,1127.640015,1114.810059,1115.099976,1115.099976,2076990000,0.133,217.488,2.621111388976708,1119.00251775,1029.849976,0.05649717635721663,1
2010-04-01,14980.193,1171.22998,1181.430054,1170.689941,1178.099976,1178.099976,4006870000,0.193,217.403,2.206770752530447,1074.845016625,1115.099976,-0.12794328501030372,1
2010-07-01,15141.607,1031.099976,1033.579956,1010.909973,1027.369995,1027.369995,6435770000,0.187,217.605,1.3407784804820986,1050.835006875,1178.099976,0.11570319902130288,1
2010-10-01,15309.474,1143.48999,1150.300049,1139.420044,1146.23999,1146.23999,4298910000,0.187,219.035,1.166695148931458,1018.6425019999999,1027.369995,0.0971873481747918,1
2011-01-01,15351.448,1256.76001,1259.339966,1254.189941,1257.640015,1257.640015,1799770000,0.157,221.187,1.700783491502985,1016.789993375,1146.23999,0.05945263995118677,1
2011-04-01,15557.539,1329.47998,1337.849976,1328.890015,1332.410034,1332.410034,4223740000,0.093,224.093,3.07723444478687,1061.0887452499999,1257.640015,0.00544878064165033,1
2011-07-01,15647.68,1320.640015,1341.01001,1318.180054,1339.670044,1339.670044,3796930000,0.083,225.395,3.579880976999619,1126.2549973750001,1332.410034,-0.15544872480555372,1
2011-10-01,15842.259,1159.930054,1159.930054,1131.339966,1131.420044,1131.420044,4416790000,0.073,226.75,3.522268130664051,1178.29750075,1339.670044,0.11152350770975028,1
2012-01-01,16068.805,1262.819946,1264.119995,1257.459961,1257.599976,1257.599976,2271850000,0.103,227.842,3.008766337985506,1190.99375925,1131.420044,0.11996660136704707,1
2012-04-01,16207.115,1403.310059,1410.890015,1401.420044,1408.469971,1408.469971,3676890000,0.153,229.187,2.273163374134856,1208.80625925,1257.599976,-0.03287960549639579,1
2012-07-01,16319.541,1330.119995,1362.170044,1330.119995,1362.160034,1362.160034,4590480000,0.143,228.59,1.4175114798464887,1237.6025086250002,1408.469971,0.06044073673064476,1
2012-10-01,16420.419,1440.900024,1457.140015,1440.900024,1444.48999,1444.48999,3505080000,0.16,231.638,2.155678059536937,1279.4512635,1362.160034,-0.01266886522349664,1
2013-01-01,16648.189,1402.430054,1426.73999,1398.109985,1426.189941,1426.189941,3204330000,0.143,231.679,1.6840617620982914,1316.7325135,1444.48999,0.09534501617972069,1
2013-04-01,16728.687,1569.180054,1570.569946,1558.469971,1562.170044,1562.170044,2753110000,0.117,231.797,1.1388080475768632,1337.80125425,1426.189941,0.03379268294303572,1
2013-07-01,16953.838,1609.780029,1626.609985,1609.780029,1614.959961,1614.959961,3104690000,0.083,232.9,1.8854718054158108,1366.5212554999998,1562.170044,0.04956162439497169,1
2013-10-01,17192.019,1682.410034,1696.550049,1682.069946,1695.0,1695.0,3238690000,0.087,233.669,0.8767991434911396,1400.932495125,1614.959961,0.09047786725663709,1
2014-01-01,17197.738,1842.609985,1849.439941,1842.410034,1848.359985,1848.359985,2312840000,0.073,235.288,1.5577587955749157,1471.379989625,1695.0,0.02010432778331328,1
2014-04-01,17518.508,1873.959961,1885.839966,1873.959961,1885.52002,1885.52002,3336190000,0.093,236.468,2.0151253036061694,1545.22499075,1848.359985,0.046565363967867146,1
2014-07-01,17804.228,1962.290039,1978.579956,1962.290039,1973.319946,1973.319946,3188240000,0.09,237.498,1.9742378703306074,1604.856246875,1885.52002,-0.013763562292599452,1
2014-10-01,17912.079,1971.439941,1971.439941,1941.719971,1946.160034,1946.160034,4188590000,0.1,237.43,1.6095417021513319,1681.251235875,1973.319946,0.05792939225469684,1
2015-01-01,18063.529,2082.110107,2085.580078,2057.939941,2058.899902,2058.899902,2606070000,0.11,234.747,-0.229930978205432,1743.9599913749998,1946.160034,0.000383718994416693,1
2015-04-01,18279.784,2067.629883,2067.629883,2048.379883,2059.689941,2059.689941,3543270000,0.123,236.222,-0.1040309893939057,1823.0487365,2058.899902,0.008608082530806582,1
2015-07-01,18401.626,2067.0,2082.780029,2067.0,2077.419922,2077.419922,3727260000,0.137,238.034,0.22568611104093567,1885.238723625,2059.689941,-0.07393785646000939,1
2015-10-01,18435.137,1919.650024,1927.209961,1900.699951,1923.819946,1923.819946,3983600000,0.16,237.733,0.12761656067051227,1943.04621875,2077.419922,0.06243827300457783,1
2016-01-01,18525.933,2060.590088,2062.540039,2043.619995,2043.939941,2043.939941,2655330000,0.36,237.652,1.2375025026943784,1971.6487120000002,1923.819946,0.014110046690456901,1
2016-04-01,18711.702,2056.620117,2075.070068,2043.97998,2072.780029,2072.780029,3749990000,0.373,238.992,1.1726257503534734,1996.0962064999999,2043.939941,0.014555293652918522,1
2016-07-01,18892.639,2099.340088,2108.709961,2097.899902,2102.949951,2102.949951,3458890000,0.397,240.101,0.868363343051836,2019.503707625,2072.780029,0.031061161949640592,1
2016-10-01,19089.379,2156.51001,2175.300049,2156.51001,2168.27002,2168.27002,4158800000,0.45,241.741,1.685924966243647,2035.70745825,2102.949951,0.03254209916161632,1
2017-01-01,19280.084,2251.610107,2253.580078,2233.620117,2238.830078,2238.830078,2671550000,0.7,243.618,2.510393348257119,2063.4712065000003,2168.27002,0.055336889662780386,1
2017-04-01,19438.643,2364.820068,2370.350098,2362.600098,2362.719971,2362.719971,3356740000,0.95,244.193,2.176223471915387,2085.9624784999996,2238.830078,0.02568647226286136,1
2017-07-01,19692.595,2429.199951,2432.709961,2421.649902,2423.409912,2423.409912,3366030000,1.153,244.243,1.7251073506565968,2123.84123225,2362.719971,0.03959305213900599,1
2017-10-01,20037.088,2509.959961,2519.439941,2507.98999,2519.360107,2519.360107,3220260000,1.203,246.626,2.020757753132481,2167.089981,2423.409912,0.061225864286498455,1
2018-01-01,20328.553,2689.149902,2692.120117,2673.610107,2673.610107,2673.610107,2447760000,1.447,248.859,2.151318868063942,2241.5325011249997,2519.360107,-0.012245611248356991,1
2018-04-01,20580.912,2614.409912,2659.070068,2609.719971,2640.870117,2640.870117,3572360000,1.737,250.227,2.4709963021052985,2320.2412718749997,2673.610107,0.029346388336598306,1
2018-07-01,20798.73,2727.129883,2743.26001,2718.030029,2718.370117,2718.370117,3586800000,1.923,251.214,2.8541247855619214,2391.252532875,2640.870117,0.07586162373929595,1
2018-10-01,20917.867,2926.290039,2937.060059,2917.909912,2924.590088,2924.590088,3375890000,2.22,252.772,2.4920324702180574,2468.1800536250003,2718.370117,-0.14283710791267645,1
2019-01-01,21104.133,2498.939941,2509.23999,2482.820068,2506.850098,2506.850098,3461920000,2.403,252.561,1.4875893578291313,2562.7200621249995,2924.590088,0.1437420782708485,1
2019-04-01,21384.775,2848.629883,2869.399902,2848.629883,2867.189941,2867.189941,3560090000,2.397,255.233,2.0005834702090506,2596.222564625,2506.850098,0.03387990994629386,1
2019-07-01,21694.282,2971.409912,2977.929932,2952.219971,2964.330078,2964.330078,3524860000,2.19,255.802,1.8263313350370576,2659.2813108749997,2867.189941,-0.008123278233659659,1
2019-10-01,21902.39,2983.689941,2992.530029,2938.699951,2940.25,2940.25,3560750000,1.643,257.155,1.7339736996186215,2726.896331625,2964.330078,0.09881133543066056,1
2020-01-01,21706.513,3215.179932,3231.719971,3212.030029,3230.780029,3230.780029,2894760000,1.26,258.906,2.512264363856652,2779.5075682499996,2940.25,-0.23532398435535828,1
2020-04-01,19913.143,2498.080078,2522.75,2447.48999,2470.5,2470.5,5964000000,0.06,256.126,0.3498763874577238,2849.1538085,3230.780029,0.2612265156850839,1
2020-07-01,21647.64,3105.919922,3128.439941,3101.169922,3115.860107,3115.860107,4449230000,0.093,258.408,1.0187566946310127,2827.857543875,2470.5,0.08502947273043282,1
2020-10-01,22024.502,3385.870117,3397.179932,3361.389893,3380.800049,3380.800049,4076340000,0.09,260.249,1.2031654060780663,2877.5437926249997,3115.860107,0.11100035895675053,1
2021-01-01,22600.185,3733.27002,3760.199951,3726.879883,3756.070068,3756.070068,3179040000,0.08,262.518,1.3951009246599022,2934.5700377499998,3380.800049,0.07023299465243094,1
2021-04-01,23292.362,3992.780029,4020.629883,3992.780029,4019.870117,4019.870117,4162130000,0.07,266.752,4.148739292379545,3090.722534,3756.070068,0.07464664659960207,1
2021-07-01,23828.973,4300.72998,4320.660156,4300.72998,4319.939941,4319.939941,3788230000,0.09,271.994,5.257577164793664,3234.8075559999997,4019.870117,0.00858810504467633,1
2021-10-01,24654.603,4317.160156,4375.189941,4288.52002,4357.040039,4357.040039,4010370000,0.08,276.434,6.2190440693335995,3404.258788875,4319.939941,0.09390323094067843,1
2022-01-01,25029.116,4775.209961,4786.830078,4765.75,4766.180176,4766.180176,2677820000,0.12,282.39,7.569766644572949,3581.35754375,4357.040039,-0.0462257625318947,1
2022-04-01,25544.273,4540.319824,4548.700195,4507.569824,4545.859863,4545.859863,4562940000,0.77,288.764,8.251859404990402,3773.2825621250004,4766.180176,-0.15850241906148255,1
2022-07-01,25994.639,3781.0,3829.820068,3752.100098,3825.330078,3825.330078,4046950000,2.19,294.977,8.44981874600173,4032.702545,4545.859863,-0.06266386327773521,1
2022-10-01,26408.405,3633.47998,3671.439941,3584.129883,3585.620117,3585.620117,5645360000,3.653,297.863,7.751940788759694,4121.386291375,3825.330078,0.070805014116335,1
2023-01-01,26813.601,3829.060059,3839.850098,3800.340088,3839.5,3839.5,2979870000,4.517,300.356,6.362123304649601,4146.988799875,3585.620117,0.07027218622216447,1
2023-04-01,27063.012,4056.179932,4110.75,4056.179932,4109.310059,4109.310059,4525120000,4.99,303.032,4.941059134795187,4157.417541375,3839.5,0.08299929163364195,1
2023-07-01,27610.128,4422.439941,4458.47998,4422.439941,4450.379883,4450.379883,3923450000,5.26,304.628,3.271780511700916,4168.597534125,4109.310059,-0.03647555540597436,1
